208,0,0.13319,0.63373,0.86390
208,52,0.00000,0.19300,0.85871
208,104,0.00000,0.11498,0.88177
208,156,0.03538,0.00000,0.86933
208,208,0.00000,0.01901,0.79738
208,260,0.00000,0.00000,0.79646
208,312,0.07220,0.00000,0.76925
208,364,0.86386,0.03218,0.90543
208,416,3.79524,0.00000,0.92851
208,468,0.13118,0.00000,0.87563
208,520,0.00000,0.06480,0.74460
208,572,0.00000,0.09058,0.73833
260,0,0.00000,0.46888,0.84908
260,52,0.00000,0.14436,0.87383
260,104,0.01080,0.01080,0.86672
260,156,0.00000,0.00000,0.85927
260,208,0.00000,0.01901,0.78312
260,260,0.00000,0.00000,0.81970
260,312,3.13792,0.00488,0.89360
260,364,2.74221,0.04136,0.92749
260,416,0.98476,0.02000,0.90454
260,468,0.84912,0.00000,0.86905
260,520,0.00000,0.07632,0.74663
312,0,0.23333,0.36136,0.86128
312,52,0.00000,0.05616,0.85922
312,104,0.00000,0.01620,0.85902
312,156,0.10019,0.01047,0.84849
312,208,0.00000,0.00000,0.80605
312,260,2.30933,0.06590,0.90715
312,312,5.39302,0.00000,0.92191
312,364,2.00301,0.07274,0.90913
312,416,1.92533,0.18826,0.90508
312,468,0.84968,0.09735,0.87276
364,0,0.11826,0.29622,0.84907
364,52,0.00000,0.02160,0.85221
364,104,0.23975,0.03160,0.84934
364,156,0.01078,0.00000,0.84677
364,208,1.05349,0.09200,0.89623
364,260,4.94653,0.08179,0.93161
364,312,4.64005,0.02286,0.90756
364,364,2.60858,0.13527,0.91154
364,416,2.10082,0.27975,0.90929
416,0,0.02607,0.22230,0.84405
416,52,0.11085,0.03341,0.84318
416,104,0.06992,0.01052,0.84899
416,156,0.25281,0.13045,0.89438
416,208,1.70664,0.14568,0.92424
416,260,4.97063,0.03248,0.92213
416,312,4.83480,0.12252,0.91339
416,364,3.71199,0.16086,0.91829
468,0,0.09383,0.21561,0.83673
468,52,0.07202,0.02678,0.84365
468,104,0.48358,0.15619,0.89413
468,156,0.58887,0.15790,0.91675
468,208,3.53684,0.06767,0.91640
468,260,4.95665,0.11072,0.92809
468,312,5.88499,0.16240,0.92141
520,0,0.00000,0.12240,0.83808
520,52,0.58291,0.18417,0.89064
520,104,1.12212,0.10608,0.91647
520,156,1.26928,0.07007,0.91020
520,208,5.07212,0.05859,0.92383
520,260,5.90532,0.13623,0.93509
572,0,0.56594,0.34204,0.88414
572,52,1.31964,0.12957,0.91431
572,104,1.82842,0.05788,0.91173
572,156,2.39637,0.08613,0.91711
572,208,6.12048,0.09319,0.93182
624,0,1.41973,0.36869,0.90858
624,52,2.19018,0.09059,0.91018
624,104,2.95610,0.11292,0.91910
624,156,3.33649,0.15912,0.92486
676,0,2.57169,0.40035,0.90568
676,52,3.47034,0.14217,0.91824
676,104,3.70551,0.14605,0.92700
728,0,3.45395,0.44691,0.91449
728,52,4.18992,0.16303,0.92659
780,0,4.05881,0.46970,0.92332
