6.552912562745896730e-02 3.071412583682719522e+00
5.063057355456845876e-02 3.848317550523316033e+00
5.372165245313665488e-02 2.991917279970121246e+00
2.598850945279844102e-02 0.000000000000000000e+00
8.070298294755862134e-03 0.000000000000000000e+00
3.374320144724449883e-02 0.000000000000000000e+00
1.496737637362643425e-01 6.039714712917986006e+00
2.828717320261343524e-02 0.000000000000000000e+00
6.262161531279102078e-02 1.880966424321343367e-01
-6.325184170405309843e-03 0.000000000000000000e+00
3.824509572921837991e-02 0.000000000000000000e+00
3.111222755523597450e-02 4.376417994673621692e+00
4.138195112846804885e-02 1.810124139751318362e+00
4.196801278943968622e-02 4.446638906983412243e-01
6.897478608327388405e-02 0.000000000000000000e+00
-2.313841822240396504e-03 0.000000000000000000e+00
3.068682919253936173e-02 0.000000000000000000e+00
2.908772606218261794e-02 0.000000000000000000e+00
3.003522817460350935e-02 0.000000000000000000e+00
2.087634749756238361e-02 1.480799999999999894e+00
9.627493599549750980e-02 0.000000000000000000e+00
-2.626831590108402725e-02 0.000000000000000000e+00
2.825683339157837246e-02 0.000000000000000000e+00
1.819128070098681438e-02 0.000000000000000000e+00
1.582073153154268594e-02 0.000000000000000000e+00
